6570420703
7428189955
7042026758
6879173629
7765773206
8165847210
6366159990
7191403546
7136480234
7645470212
6600207044
7205968388
8485836994
6415471761
6685147063
5779900772
5711021545
1736405066
7397138399
6358532032
1571383394
6264436190
1407345453
8161466164
5836625617
6768256076
5823466968
7263766035
8680011732
7077890783
6058786024
8863253320
7984147278
7416203546
6776010998
8190185814
6992287820
8374789606
7210292876
8289249528
6675312671
7939447043
6417235047
1589804689
1577084976
7096186666
7806870940
6677743028
7473805793
6947074584
7848122346
6190657935
6247494952
6334187434
7144797962
7263265515
7321007219
6720235620
7415250106
7560279693
6545631327
8105250158
8015905844
8214886804
7124087264
7825854094
7456648306
7192914298
8040330538
7668171287
6003422466
6133489091
5766004009
6366010834
7350799712
7130357691
8061538762
5722401147
8948452147
6352457758
5849814428
6313951824
7780808275
6823191252
1499226728
7679806118
5970008158
5950882359
8560471104
8458797737
7463169700
5038974813
8209301036
6468979003
675215501
6251084540
8433465466
8444992692
2054136815
8199314838
6834995331
7993225635
8596975337
5302938219
5339102752
8462278464
766111707
1753276582
1764085326
1779376538
5971629571
6556982508
7063087665
7158347351
5441297313
7042442192
7308332721
7432762376
5536761372
7838305928
7039170320
8074310692
6790057420
8142316190
1317037761
7973903486
1672451052
7667006126
5894571222
1040823126
962331554
6564390069
6190450829
7591834613
6199253373
8197897341
6913608874
1770057665
7876694281
7097609074
7348381175
8140097739
6762239506
8369429222
7231780799
8022819693
6379935197
8227900197
7947911338
5971271981
6333866286
8452037769
7206828082
7264872269
8125216456
7685805684
5057322506
7156434289
7217968368
6306021341
5549612446
7294860943
7602818654
8162641038
7556878781
8092341631
7953544585
8958185180
7000026339
7829765832
6963602679
8300788575
6964650996
7621477431
7899565706
7343193795
7224344464
8086216307
8112468916
7760449216
1420112428
1990234858
8907815538
6678626705
7005004423
6483335201
8531799240
8370689582
8459938212
7979203953
6623656389
7066903410
8575325554
8072934728
8844312163
6900741862
1143039554
6571011266
6301207373
8271014076
6543034583
8104336681
7837679743
7267896660
7968177079
6750753843
1471289181
6969189570
8687896712
8793614963
6992910761
8970930627
5090342103
6136834125
1834035275
1933077671
7982476668
6365701915
6776729526
7353416057
7442270265
5040027129
1592935520
8929188906
7381655543
7183624987
2101519336
1881638613
6842165769
6530653466
7764297282
1812730743
7082672072
5073955302
7049463040
854934834
6663669425
5059294614
7169336900
6634537204
7114933446
7358043448
6605949074
8207700026
7189776795
5113932848
5292215898
1964492870
7318157001
5676136605
5842822619
7539300992
5492656916
6835574140
8987252391
7671417736
8406389162
6448804883
7386230028
8038670371
5877339959
6903154405
7927055110
7345251313
5937440691
6678429582
6536607230
6053532990
7780786820
7966685657
1997299124
5496238003
5118356916
7829976694
1664019284
6482990742
6176163344
8549839014
1275987016
8047347483
7385950691
7175732146
7018252540
7438741467
5628187283
7569516644
6289279554
5402047560
8198763989
5664881380
8366260209
6653239542
6002529226
1497933672
5133821401
6795678960
7483397146
7154603987
7012232330
8360256603
1786274718
2083250147
7830260565
7744125035
8444142394
8228612671
8281189110
7924995831
581651328
6205574044
8334169339
8437969547
7388924622
7290193199
7011765186
5874316633
1756710831
7271168888
1188085682
8101423545
8375409796
877859190
8285593908
7658781086
1285601515
7579822543
6480712117
1589574761
1953351352
1597565221
1159477188
7061031655
8159067649
7223834908
7560669985
8132848722
8097777927
1582815534
7056385908
7648403236
7715762433
6710084967
7419468215
5998096919
7627612277
7766636736
7346245934
5076340386
7047229070
6998282916
7955562866
6750056764
7293645493
7344828217
8314789430
1561286123
1630745226
8544489792
7051767911
1738062839
8237936424
7796779924
995965573
6416309719
8477147447
6488835051
6482833265
8383782159
7999155112
7263001899
7135229184
8327942397
7268331315
6933751340
5349896074
7235286648
8592074634
7255011830
1316321690
7248931894
7085207315
5791777644
5751499209
5592089568
7248053382
7114075014
7164160890
8608942224
8177099303
7412339691
8904124552
7082407656
8397843589
7208535744
7707459960
6663602962
6866599728
6471772198
7768348965
6501663395
6337267595
8455721335
8066909093
7071167857
7795517640
5771413144
6340569386
8624572347
8622501786
7026052448
7276347025
7116035886
6278298450
7525614661
5311917409
5667343840
6475496990
7186180679
8451201171
7896077400
8294792641
1829218978
7566325969
6087471793
5257183565
8372776148
7037404184
7222005364
7307266863
7976984401
7536940738
7993269872
7825694185
8964520755
8296422521
7228569834
1753562409
8044371306
8432029208
7623746021
6009432640
5679570759
8346053639
7750265307
8340741163
8020620387
6560296042
7410656400
7192693535
7198268027
5022450124
6164028732
6089419782
5719346177
8383406395
8336510075
8094801808
6867424207
1180657232
8516340647
7392120987
5666574754
7497519416
7233102210
1703159806
6900915331
7754463853
7815161768
8537380046
6779122451
6310459795
6460146979
6480462131
8373876830
1791376552
7711346274
1859065146
7110997673
7106062123
8340512276
8858139378
7826600730
1631035158
6200585107
5603723999
6310344353
8000293654
6658437005
6213938713
7290711236
1970595664
8456508099
8485118148
6114324218
6851692793
5651380855
7267162281
8592467980
8241349482
8206726498
7249439400
8214173156
6284299077
1715496644
8536793814
8235475668
7038148449
8354195306
7454179799
7080190437
7568906352
7062334622
6684142967
2055578267
6273801646
6290046852
6602506976
8413382851
7365839992
5744323513
8223810131
6917802083
5440325804
7780752427
8477606892
8193284667
8367934737
8280884712
2134686729
8328362507
7046755462
6666539615
8270388213
6550519427
